,문화예술시설,스포츠시설,관광시설,취미오락시설,휴식시설,소비시설,노인시설
0,4.741669196107496,6.394561180490587,6.394561180490587,-2.09220843092267,4.527623228338068,7.391993553899689,0.8745371327349253
1,-0.14581364622686174,-0.644508565982276,-0.644508565982276,0.1986668963201121,-0.04568238936424507,0.3491096403222887,-0.7908225309271244
2,-1.1401608831683887,-1.7375855057164435,-1.7375855057164435,1.380308399060882,-0.8646683694941752,-1.4582006133209895,-0.1447005409980096
3,0.6220721349734105,2.1608730221882824,2.1608730221882824,0.2724878466316619,0.9746836521327612,0.6927812777572859,2.6118853133161286
4,0.27595676793581286,-1.1260616563631904,-1.1260616563631904,3.1062920082759256,0.09998216599542661,-0.35744651996407745,0.05241938515375061
5,-0.8565429572468212,-0.4805084058125032,-0.4805084058125032,-0.3153711026054156,-0.5886328072999504,-0.34026654599788736,-1.2917188207315613
6,-0.14016381098741454,-0.19214202907372718,-0.19214202907372718,2.107649804305474,-0.6809232074771643,-0.5679654873787704,1.7438372956625217
7,-1.4779179151741861,-1.6981719488411673,-1.6981719488411673,0.44139123120558044,-1.3164111882104939,-0.9683262410423307,-1.6831617113496486
8,0.3603574178992959,0.029638743292459857,0.029638743292459857,-0.46557026486594955,-0.2060171352940709,-0.7440330356204577,1.7120402192249033
9,-0.9697344833660109,-1.3079133651634294,-1.3079133651634294,0.41073410052539033,-1.4398701178213846,-1.634400936261391,-0.6700328997913942
10,-0.6257859161622957,-1.4782328093991728,-1.4782328093991728,0.5008875533977453,-0.9751539714041942,-0.6861249693407421,0.20633212045980007
11,-0.10038212865654361,-1.2817603647227944,-1.2817603647227944,-0.25619508491514603,-1.0126486894843456,-1.6643652956248018,-0.47519499652125263
12,0.510116066069141,0.21021397463561076,0.21021397463561076,-1.5893227312980502,-0.2083937027868511,0.4089883097578501,0.03630031876239008
13,-0.6713338515599843,-2.0786362902516293,-2.0786362902516293,-1.3683367178869685,-0.5920584444806407,-1.0672689171349885,-0.5578564213783237
14,1.2260699301974471,4.3129184305383745,4.3129184305383745,-0.26935222478162407,0.36479133400505587,1.7654628834791375,-1.2618337345917778
15,-0.9354101897982273,-1.8151042645144844,-1.8151042645144844,-0.05895662693237047,-0.6422793276412532,-1.3366672870822276,0.23062328322871722
16,0.00379294464500457,-0.12504983550650237,-0.12504983550650237,-0.4259048314558116,-0.40576631093378357,-0.485116788492315,-0.2863920729670799
17,1.3446428164307347,5.613125212749232,5.613125212749232,1.1016628008063825,1.8957389298594345,1.6274008986726398,0.8280180413999669
18,-0.4264522223768408,0.9700457786093093,0.9700457786093093,-0.0310115626276542,-0.7801275539319701,-1.1050945410616195,1.1861155601813749
19,0.0672573678506055,0.7332493314484526,0.7332493314484526,1.0941854089490854,0.7262337761431125,0.7374646687553726,1.70666508453278
20,-0.8407932692727911,-2.0344957911272328,-2.0344957911272328,-1.1639619522120568,-0.19226897211806365,-1.0143501607835312,0.1645958635668212
21,0.08738104467078156,-0.8291665865226707,-0.8291665865226707,0.5449383878230144,-0.39474146491635265,-0.5173678707758395,0.7195945198212468
22,0.7027949282010829,-1.8051743048473328,-1.8051743048473328,-1.457234917265905,0.27532252322647616,-0.6416671096886954,-1.7309329479585964
23,-0.6245480840934895,-0.3989350924397813,-0.3989350924397813,-2.4246434488258046,2.314772339212851,2.2863217639407702,-2.569169761931132
24,-0.987071256890958,-1.3911788576679704,-1.3911788576679704,0.7588654592941714,-0.8335042962542464,-0.6708606770143681,-0.6111476988994259
